280000
310000
30000
170000
320000
80000
140000
50000
110000
20000
200000
50000
400000
140000
200000
20000
460000
20000
210000
90000
80000
30000
430000
460000
20000
20000
100000
70000
50000
400000
20000
60000
10000
50000
10000
130000
20000
50000
120000
280000
500000
10000
20000
30000
80000
50000
200000
390000
50000
80000
140000
110000
180000
210000
90000
50000
200000
50000
20000
150000
30000
50000
80000
80000
220000
30000
220000
110000
50000
50000
60000
30000
120000
140000
160000
200000
130000
500000
200000
90000
200000
30000
230000
80000
140000
190000
30000
400000
20000
170000
350000
150000
200000
350000
50000
30000
80000
50000
330000
500000
180000
20000
160000
50000
60000
290000
230000
140000
380000
140000
120000
500000
180000
140000
60000
80000
50000
80000
80000
360000
160000
210000
70000
140000
360000
200000
220000
150000
230000
10000
170000
230000
180000
100000
40000
120000
60000
20000
20000
230000
200000
260000
160000
50000
20000
170000
170000
130000
160000
120000
30000
150000
80000
500000
400000
90000
200000
150000
110000
170000
160000
120000
20000
20000
50000
80000
260000
150000
20000
260000
180000
100000
250000
20000
60000
10000
120000
80000
120000
100000
70000
280000
150000
150000
60000
60000
430000
20000
160000
200000
130000
360000
200000
60000
60000
150000
320000
310000
180000
80000
250000
280000
130000
40000
50000
240000
10000
120000
260000
50000
310000
50000
500000
270000
100000
50000
210000
50000
200000
20000
360000
430000
500000
220000
430000
180000
200000
50000
30000
180000
290000
140000
20000
230000
180000
200000
200000
50000
500000
150000
360000
50000
350000
240000
130000
100000
170000
170000
260000
280000
300000
20000
70000
170000
230000
50000
260000
90000
150000
60000
500000
60000
380000
100000
340000
200000
280000
30000
60000
80000
30000
160000
60000
80000
120000
50000
140000
20000
80000
320000
120000
200000
180000
50000
500000
180000
70000
240000
170000
200000
130000
150000
150000
180000
200000
50000
80000
80000
50000
460000
270000
320000
250000
30000
150000
130000
310000
180000
50000
290000
20000
170000
50000
210000
180000
130000
220000
20000
180000
360000
90000
110000
240000
20000
400000
50000
100000
50000
20000
50000
300000
130000
90000
150000
310000
30000
40000
290000
80000
120000
80000
10000
280000
280000
170000
260000
50000
50000
500000
300000
410000
240000
110000
30000
100000
360000
50000
80000
280000
350000
220000
410000
30000
130000
750000
320000
80000
280000
40000
100000
120000
120000
20000
360000
50000
20000
180000
400000
120000
370000
20000
180000
70000
160000
170000
200000
450000
140000
240000
140000
70000
190000
100000
180000
170000
450000
20000
350000
50000
30000
200000
320000
230000
200000
360000
370000
90000
20000
180000
150000
30000
100000
60000
30000
260000
80000
210000
10000
130000
140000
310000
50000
180000
40000
60000
30000
130000
80000
270000
200000
170000
200000
170000
100000
270000
30000
20000
30000
200000
20000
280000
310000
250000
110000
30000
10000
240000
20000
150000
210000
300000
200000
140000
20000
180000
500000
60000
180000
100000
250000
80000
230000
50000
20000
20000
100000
280000
20000
240000
200000
360000
110000
220000
40000
400000
500000
40000
200000
40000
360000
500000
500000
20000
240000
80000
230000
450000
50000
50000
10000
550000
800000
180000
260000
200000
150000
170000
240000
150000
420000
320000
50000
80000
320000
500000
140000
150000
300000
50000
80000
70000
160000
20000
20000
280000
20000
100000
210000
50000
90000
240000
320000
50000
10000
50000
30000
410000
50000
50000
200000
100000
290000
160000
110000
50000
160000
60000
230000
50000
20000
20000
270000
500000
210000
30000
30000
170000
80000
360000
160000
100000
150000
470000
140000
160000
30000
30000
10000
170000
150000
200000
50000
80000
20000
80000
20000
360000
180000
310000
50000
70000
230000
280000
450000
120000
80000
600000
200000
200000
160000
20000
10000
310000
200000
150000
20000
280000
80000
210000
50000
50000
320000
400000
300000
490000
30000
30000
130000
360000
230000
360000
220000
70000
160000
50000
230000
200000
50000
350000
390000
200000
240000
20000
160000
180000
200000
30000
500000
280000
10000
250000
360000
180000
420000
250000
50000
500000
360000
50000
160000
130000
220000
260000
270000
170000
290000
160000
50000
450000
50000
60000
220000
30000
20000
150000
300000
100000
130000
210000
390000
130000
160000
400000
220000
160000
420000
50000
500000
170000
240000
340000
140000
380000
200000
30000
20000
260000
260000
200000
270000
180000
290000
500000
480000
390000
420000
160000
180000
160000
40000
210000
50000
240000
80000
30000
200000
30000
90000
360000
460000
50000
50000
70000
160000
100000
10000
170000
20000
260000
260000
50000
30000
100000
210000
120000
240000
50000
180000
100000
150000
290000
80000
250000
280000
220000
200000
290000
10000
90000
190000
80000
140000
180000
270000
200000
160000
250000
100000
270000
410000
230000
20000
100000
230000
100000
220000
60000
160000
500000
290000
700000
220000
240000
80000
150000
20000
20000
30000
230000
400000
250000
360000
100000
80000
210000
340000
70000
200000
160000
140000
550000
80000
190000
100000
160000
300000
50000
500000
70000
240000
240000
70000
120000
200000
30000
500000
290000
420000
310000
340000
500000
80000
150000
310000
60000
360000
230000
500000
50000
50000
200000
130000
410000
20000
90000
110000
440000
30000
140000
60000
420000
70000
210000
130000
10000
360000
210000
60000
280000
100000
40000
100000
250000
60000
50000
290000
120000
500000
200000
60000
200000
210000
110000
100000
30000
290000
30000
80000
500000
250000
100000
230000
20000
30000
30000
50000
90000
280000
220000
180000
180000
390000
100000
320000
30000
120000
250000
480000
100000
230000
30000
160000
400000
10000
100000
120000
220000
300000
190000
50000
240000
140000
230000
150000
130000
50000
30000
30000
400000
20000
200000
450000
100000
420000
300000
30000
200000
240000
40000
70000
100000
100000
20000
210000
50000
120000
60000
100000
60000
180000
80000
360000
200000
130000
30000
200000
80000
50000
120000
120000
280000
80000
440000
120000
40000
10000
230000
60000
440000
60000
70000
120000
50000
150000
210000
20000
480000
130000
20000
180000
270000
480000
210000
20000
120000
60000
90000
30000
70000
10000
70000
200000
80000
420000
230000
360000
320000
250000
450000
430000
30000
70000
30000
50000
30000
20000
130000
70000
120000
150000
20000
50000
290000
200000
380000
300000
340000
80000
60000
210000
30000
30000
230000
30000
180000
50000
120000
60000
30000
100000
260000
500000
640000
50000
400000
460000
100000
20000
100000
20000
30000
150000
30000
320000
20000
70000
80000
30000
200000
360000
50000
20000
210000
210000
300000
100000
90000
30000
320000
20000
50000
30000
50000
120000
310000
120000
50000
80000
30000
120000
80000
140000
120000
150000
230000
500000
150000
210000
500000
130000
180000
30000
380000
160000
180000
400000
10000
20000
200000
50000
50000
330000
90000
80000
460000
150000
140000
220000
50000
30000
120000
100000
420000
300000
300000
180000
220000
60000
210000
200000
30000
150000
340000
150000
380000
150000
80000
500000
500000
200000
300000
160000
20000
150000
70000
360000
200000
90000
20000
280000
210000
50000
60000
90000
230000
50000
20000
250000
150000
500000
20000
200000
140000
180000
150000
80000
30000
120000
60000
140000
20000
80000
110000
500000
260000
100000
20000
260000
80000
230000
50000
100000
180000
260000
160000
440000
50000
50000
500000
20000
230000
200000
130000
500000
180000
170000
80000
320000
150000
90000
270000
130000
80000
160000
200000
360000
200000
360000
50000
170000
70000
100000
50000
20000
50000
100000
240000
100000
300000
50000
90000
210000
360000
290000
220000
100000
80000
140000
200000
270000
360000
200000
20000
160000
340000
20000
300000
210000
140000
210000
360000
240000
140000
80000
80000
190000
120000
60000
290000
200000
30000
50000
80000
200000
50000
100000
90000
130000
360000
220000
20000
30000
180000
80000
60000
130000
380000
30000
140000
20000
150000
200000
360000
50000
120000
90000
50000
200000
50000
50000
30000
320000
20000
20000
180000
200000
90000
360000
100000
90000
30000
120000
100000
180000
120000
240000
290000
200000
20000
320000
80000
10000
50000
210000
60000
30000
70000
430000
60000
220000
110000
180000
130000
80000
30000
100000
230000
20000
80000
10000
300000
30000
50000
320000
50000
200000
50000
360000
100000
80000
260000
200000
300000
30000
200000
300000
20000
220000
130000
410000
300000
140000
130000
200000
30000
200000
240000
100000
10000
80000
110000
30000
360000
120000
150000
240000
240000
90000
170000
50000
130000
220000
280000
270000
100000
280000
170000
160000
200000
150000
100000
120000
330000
60000
80000
360000
50000
200000
360000
50000
210000
30000
150000
20000
200000
30000
200000
180000
200000
50000
100000
160000
200000
170000
100000
30000
320000
80000
140000
140000
110000
30000
10000
160000
200000
280000
150000
220000
100000
450000
360000
30000
170000
140000
280000
90000
30000
150000
20000
380000
260000
120000
130000
50000
290000
200000
500000
100000
30000
50000
180000
80000
280000
360000
100000
20000
160000
30000
210000
80000
360000
360000
160000
100000
200000
200000
50000
160000
60000
140000
60000
50000
90000
420000
130000
200000
280000
200000
90000
60000
130000
270000
150000
70000
220000
20000
200000
500000
200000
50000
30000
130000
100000
30000
50000
150000
350000
150000
50000
30000
230000
260000
260000
50000
50000
430000
150000
360000
80000
30000
130000
230000
350000
210000
220000
50000
120000
450000
50000
480000
120000
50000
160000
240000
20000
80000
20000
200000
100000
200000
20000
50000
30000
20000
500000
120000
230000
50000
50000
50000
220000
30000
90000
170000
200000
80000
310000
500000
50000
250000
30000
160000
120000
10000
50000
500000
20000
90000
50000
20000
200000
60000
80000
130000
160000
100000
150000
170000
10000
80000
260000
120000
150000
50000
30000
150000
30000
70000
360000
330000
300000
340000
60000
130000
160000
20000
470000
70000
160000
50000
310000
110000
70000
130000
200000
20000
20000
210000
170000
360000
30000
230000
170000
260000
200000
460000
120000
480000
20000
230000
180000
60000
360000
260000
100000
280000
100000
200000
140000
160000
60000
210000
180000
170000
80000
230000
180000
210000
20000
70000
450000
130000
260000
70000
330000
130000
130000
80000
50000
10000
100000
180000
50000
280000
170000
450000
320000
130000
200000
70000
220000
110000
30000
70000
130000
270000
200000
80000
30000
200000
160000
200000
100000
50000
170000
100000
20000
160000
180000
230000
30000
200000
310000
20000
80000
360000
220000
60000
140000
10000
50000
500000
170000
350000
90000
390000
70000
20000
320000
70000
100000
20000
20000
180000
250000
60000
230000
160000
230000
160000
50000
230000
30000
50000
120000
320000
20000
110000
50000
210000
50000
160000
310000
290000
30000
20000
110000
240000
110000
500000
240000
220000
210000
180000
140000
90000
250000
200000
140000
260000
500000
400000
30000
360000
500000
160000
360000
360000
20000
140000
60000
290000
140000
50000
120000
150000
150000
100000
480000
360000
100000
20000
120000
80000
260000
120000
30000
280000
500000
230000
280000
710000
10000
500000
150000
20000
360000
210000
400000
50000
260000
80000
120000
360000
240000
360000
190000
120000
330000
230000
20000
430000
160000
90000
80000
300000
20000
240000
80000
170000
220000
130000
20000
280000
20000
80000
110000
70000
10000
160000
360000
20000
260000
230000
60000
320000
30000
330000
150000
310000
90000
30000
150000
500000
30000
110000
150000
80000
280000
280000
10000
260000
130000
500000
50000
70000
20000
140000
20000
110000
90000
50000
150000
50000
400000
360000
30000
420000
150000
200000
90000
210000
300000
30000
360000
140000
500000
150000
200000
500000
340000
200000
100000
70000
200000
200000
60000
550000
180000
50000
360000
20000
20000
80000
20000
390000
50000
180000
30000
150000
170000
210000
60000
140000
50000
290000
350000
50000
300000
130000
140000
20000
300000
39
30
35
29
46
48
36
22
35
34
30
46
57
25
37
25
44
53
43
31
50
23
38
40
43
24
27
28
43
31
45
45
31
23
24
24
51
49
32
39
53
41
23
23
34
27
44
28
36
44
35
28
44
39
28
26
38
29
29
29
53
47
62
24
45
25
29
24
50
29
25
54
39
32
32
45
33
38
26
30
27
24
28
24
27
33
30
29
24
40
55
45
29
32
50
42
54
56
41
28
39
23
40
24
27
38
52
26
27
42
29
36
32
30
38
25
35
43
28
28
31
25
42
38
37
53
34
26
34
42
37
43
29
34
34
32
51
39
23
34
40
41
39
23
24
31
31
27
39
41
35
24
25
35
45
25
34
32
36
43
33
28
49
45
30
37
53
38
25
48
39
28
37
27
28
42
24
26
27
35
33
47
33
38
22
47
34
53
41
25
23
35
34
39
39
34
34
31
39
60
44
36
27
40
28
49
26
43
33
25
28
41
42
36
50
47
26
42
28
22
33
46
46
36
32
26
29
23
30
38
35
46
24
36
34
41
34
29
47
25
48
34
57
29
26
28
36
61
39
30
41
61
23
46
43
39
56
36
41
23
49
46
35
28
33
36
48
27
27
27
42
28
36
34
30
29
48
26
30
54
34
25
37
49
32
32
30
53
37
50
29
27
42
44
58
27
24
27
22
28
52
29
27
26
45
29
38
28
41
49
38
33
37
40
28
32
41
27
34
33
28
63
31
46
37
43
35
26
30
25
31
29
23
37
43
50
35
38
36
23
22
47
41
45
36
35
42
41
41
30
30
28
29
28
30
26
58
23
33
47
39
48
36
36
40
33
23
40
39
30
31
29
49
31
36
45
52
39
40
36
45
41
49
30
30
36
28
29
31
35
35
39
29
42
37
31
46
44
53
30
31
30
35
26
38
33
39
24
30
23
24
38
22
47
30
49
28
24
33
23
29
46
24
26
48
48
30
23
30
31
54
48
31
33
32
23
46
44
29
45
32
41
34
24
36
30
46
27
37
34
25
29
26
36
51
30
30
26
44
36
40
32
35
43
24
31
36
41
38
46
40
27
41
45
34
49
29
36
25
44
33
36
27
27
26
30
34
38
38
33
50
46
40
37
37
54
26
32
27
35
33
23
26
31
30
41
38
39
31
54
28
56
27
29
29
46
31
34
45
40
49
33
37
40
31
37
41
30
23
26
36
31
26
24
23
36
24
28
27
44
24
34
40
25
25
32
28
56
33
41
41
41
47
28
31
42
22
22
29
29
43
36
39
56
24
42
47
25
39
22
25
25
42
35
32
26
46
34
38
57
34
42
27
53
34
30
46
41
26
34
55
34
35
26
34
27
25
57
40
25
28
34
32
36
34
45
54
48
59
38
36
25
24
36
29
40
52
36
55
23
31
44
40
37
31
34
33
37
24
30
37
39
30
31
38
44
24
51
39
25
50
37
59
24
36
36
37
27
34
41
43
36
34
33
30
54
37
29
25
30
25
26
51
32
23
48
29
38
25
34
36
34
32
30
33
40
38
34
40
24
28
26
26
28
26
30
43
35
38
34
26
31
33
26
46
33
35
36
31
29
47
45
49
30
30
30
41
35
29
29
40
41
53
51
29
33
34
22
25
27
49
28
40
54
40
41
52
26
38
31
42
23
45
37
51
47
34
50
30
44
39
34
46
29
40
56
23
50
50
30
40
35
27
29
52
29
38
33
48
39
44
42
31
36
32
45
29
39
30
32
58
29
48
58
24
36
41
33
38
28
50
27
44
29
49
33
31
30
35
24
37
29
28
45
39
26
25
34
36
59
53
49
36
47
40
31
40
38
36
38
26
28
50
29
33
49
27
51
30
27
43
40
25
25
46
41
43
57
32
31
27
27
24
24
30
25
32
30
36
55
33
26
25
33
22
27
56
57
30
32
55
28
41
22
27
40
32
29
28
33
41
40
27
27
47
22
38
24
37
43
43
35
35
46
38
26
43
41
23
43
28
32
31
38
47
31
26
28
38
43
50
46
29
26
25
26
23
70
34
23
30
27
62
30
24
46
33
33
45
36
34
27
47
30
50
22
44
44
24
44
31
58
38
29
51
29
34
33
42
44
46
30
23
31
23
41
24
28
38
42
31
25
25
25
38
28
53
27
37
48
33
29
36
33
42
29
33
29
29
28
42
34
28
25
32
25
24
39
25
27
36
58
34
41
37
41
35
25
28
29
27
35
23
36
24
31
23
39
34
27
22
24
48
40
31
39
25
40
46
37
31
28
43
34
26
32
37
27
40
25
24
35
30
31
39
52
46
28
42
35
31
30
41
35
39
24
24
38
32
27
23
31
28
25
40
58
40
33
29
32
31
26
37
28
32
38
40
26
35
28
56
29
45
34
30
25
31
28
42
31
51
33
25
32
32
42
27
33
22
56
39
23
62
29
35
30
48
48
24
30
24
29
27
27
39
25
31
35
30
49
35
32
26
32
46
28
51
30
42
31
30
28
26
28
30
31
29
41
44
24
45
40
24
39
31
39
24
43
58
29
29
25
37
33
32
48
32
56
28
27
26
42
51
51
45
46
41
24
33
26
42
44
36
41
31
40
52
32
41
28
44
27
36
26
27
50
31
37
31
51
26
41
28
40
34
50
44
27
53
38
39
24
41
30
22
35
23
23
28
53
52
26
45
33
28
25
26
50
52
50
30
54
40
22
34
49
23
33
36
27
46
39
26
50
40
26
39
39
26
36
23
40
42
35
25
30
43
37
43
39
50
22
22
36
36
31
23
33
27
46
35
47
29
33
45
60
31
28
27
36
27
47
41
34
27
38
29
39
38
35
30
51
34
40
35
32
31
35
52
34
31
27
27
27
31
31
38
31
31
32
29
45
30
26
45
33
34
35
33
39
27
47
46
35
34
29
37
41
28
30
50
41
54
23
46
29
53
35
46
24
34
23
30
27
39
43
28
53
27
25
54
40
40
37
28
24
29
22
24
31
29
49
32
45
49
38
33
28
41
33
46
53
33
27
53
31
28
41
31
34
34
27
24
26
30
38
30
35
23
27
49
54
35
27
30
22
34
43
28
35
50
31
32
44
34
52
22
26
44
28
42
27
28
46
38
64
41
30
24
28
26
47
31
47
54
24
41
53
48
41
25
29
50
22
49
25
48
36
22
23
29
32
53
25
28
34
48
28
30
38
43
27
50
42
33
31
35
35
23
66
31
43
37
30
23
27
50
28
34
32
46
30
28
25
36
27
27
48
23
24
43
24
27
31
37
36
37
40
46
40
23
23
37
24
50
46
39
31
23
22
40
24
34
23
42
26
33
27
22
41
33
33
31
26
24
31
33
27
29
37
32
34
40
31
25
43
37
49
30
27
26
28
24
23
31
36
24
37
30
38
22
28
40
43
33
36
49
30
22
30
32
40
35
32
43
30
37
38
25
51
36
44
25
30
27
27
25
38
27
26
46
40
27
29
47
27
37
52
49
22
37
46
30
29
33
29
46
31
54
54
27
25
25
27
27
43
32
33
26
39
37
27
31
26
40
31
41
27
30
34
25
42
25
22
26
33
24
27
26
53
61
45
24
40
24
41
48
24
30
28
32
23
26
28
44
38
34
29
32
27
31
25
24
47
22
43
45
62
32
46
29
28
39
49
26
27
51
39
34
53
37
54
36
29
39
40
43
33
44
34
31
41
35
33
36
31
35
36
24
25
22
53
24
30
38
39
34
26
49
46
27
30
36
44
45
30
39
37
29
41
27
33
41
45
34
43
36
29
40
45
28
27
35
35
35
34
30
50
57
48
25
37
30
25
43
36
22
37
34
36
28
44
24
49
22
35
32
59
55
54
33
47
53
54
26
55
25
25
49
26
42
39
36
39
25
52
35
44
36
31
42
35
49
36
37
25
22
27
58
54
28
23
38
37
48
27
42
40
28
32
24
28
51
34
29
28
43
45
34
32
57
35
32
53
28
27
25
44
42
23
27
63
22
39
22
29
29
30
25
32
34
28
27
29
33
33
34
24
27
27
33
28
32
-3
-12
2
-12
-5
6
2
1
-1
2
-5
11
-2
-12
-5
-8
-6
8
-9
2
-4
12
-6
16
-5
3
3
-6
-4
-12
2
-1
5
11
-6
1
3
-5
-3
-5
-12
-2
4
4
-1
6
-9
-6
8
-5
-6
4
-3
-4
2
1
1
2
-6
-7
-6
5
-6
-1
-6
12
-9
-5
-6
10
-2
8
15
-12
-6
-12
5
-3
-4
4
-6
6
1
-6
-10
-11
-1
3
7
-5
-6
-7
-4
2
2
4
-3
-1
-5
-4
-6
-2
5
1
7
-5
1
-2
-1
-5
1
-3
-6
10
-5
-1
2
3
-4
-12
3
-3
12
12
-6
12
-6
-6
-2
13
-6
-12
5
-7
2
2
-1
2
2
-2
6
2
-12
-5
-1
-8
-1
-4
-12
2
-4
-12
4
-6
-8
2
-12
-2
2
-5
-6
-6
-2
11
5
8
-3
14
9
-1
3
-1
-4
7
2
8
-12
-7
2
-8
2
-1
-12
-2
1
8
-1
17
-6
-12
6
-2
-4
5
2
-4
-4
6
-6
-2
-5
-5
-12
3
4
-4
10
-6
-7
-1
-2
6
-7
-6
6
2
2
4
-1
5
-6
-12
-8
2
-7
9
5
2
13
2
-7
-6
-1
-7
-12
-6
-6
12
-6
-8
-7
2
-12
-2
4
7
-6
-7
4
-6
-7
8
-6
-7
-1
10
-5
-9
12
4
-3
3
-6
2
-6
-5
-4
1
11
3
5
-4
-1
6
-3
-1
6
7
-2
-2
-4
12
-4
-1
-2
12
2
-12
3
11
-11
1
-5
2
-7
2
12
-8
6
-3
-2
-3
-1
4
-12
-12
-6
-4
3
-3
-1
2
6
7
-6
2
4
-1
-6
-1
-5
3
-7
10
-12
4
2
11
5
-1
-6
-12
2
12
-1
-7
12
3
-6
-3
-6
-1
-9
12
-5
-5
8
13
-1
-6
-12
-12
-6
4
8
-1
2
-12
-8
9
-1
-2
6
7
-8
-4
-8
-9
8
4
-9
-6
4
-6
-1
3
-7
12
-4
2
-5
-6
6
-12
-5
-3
-6
12
4
-6
9
4
13
-12
3
1
-1
13
1
-5
-3
-4
-1
-6
-5
2
-12
9
-11
-3
-6
3
4
12
-12
11
-7
11
-2
-4
-7
-4
-6
14
-9
-6
-2
-1
6
-8
-8
-12
-5
2
-12
-6
14
12
-6
9
-12
-12
2
-1
-4
3
-12
-6
-12
-2
-4
-3
-6
16
2
-6
-1
-6
12
-9
-2
-2
-1
15
2
7
-7
-1
-2
-12
4
-2
27
10
-5
-6
-6
-5
4
-7
-1
-3
4
-12
5
-2
-12
-6
-6
6
8
-9
3
-6
-3
11
-1
-4
-10
-6
-11
2
2
-5
-3
-10
4
8
2
12
11
-4
7
-6
-5
5
-4
1
13
10
-12
-6
4
11
12
6
-9
-2
1
-4
2
-1
-1
3
2
-8
10
3
-1
-7
-7
2
-7
-3
11
-9
-7
4
-5
-4
12
-3
2
-3
-7
-3
3
-5
-5
2
-1
-1
-4
2
2
7
9
-4
-3
-3
6
2
-12
-6
-1
-2
-12
-4
-12
-8
-6
6
5
-6
-12
5
-3
-11
-3
11
-3
-12
-12
-3
-5
-2
6
4
8
-2
-5
-12
3
-12
-6
-5
-3
-2
-12
-10
-8
-5
17
4
2
-6
6
-12
-1
13
-8
-6
-1
-1
-5
11
-7
-12
1
-5
2
7
-9
9
-4
-12
-2
-7
-6
-1
-6
-3
3
3
13
-7
-1
-7
-1
-8
-3
-12
-6
2
3
-2
2
-1
-6
-8
-1
2
-7
-12
2
-1
3
-12
-7
-12
-5
-5
-3
-6
-6
-12
-3
-6
-12
2
1
2
-7
-12
6
-6
13
4
-1
-6
4
-2
-1
-3
-3
6
2
9
-1
-1
2
18
2
2
-6
-12
-1
-5
2
-1
-10
-3
-4
-6
-9
-8
-6
1
-5
6
-5
-4
-5
-6
-3
-6
8
-1
-12
-12
2
5
2
-2
12
6
6
-12
-12
-5
-3
-12
-4
3
-6
7
2
5
-12
-6
-12
-6
2
-1
-3
-1
6
3
-6
-1
-3
2
1
-5
9
-6
6
-3
2
-6
-6
5
-6
5
4
-6
-12
-8
-7
-4
2
2
-12
10
3
-2
-3
-6
5
2
-4
4
-12
-2
-1
2
4
6
-5
-1
-10
12
-6
-7
12
-10
-6
-5
-8
-3
7
1
-5
-6
4
-1
-1
-12
3
-3
-4
-7
5
-5
-4
-7
6
-6
-1
-12
-9
-12
2
2
12
-2
-4
-2
-6
-2
-12
6
-1
-6
2
-3
-6
-7
-12
-3
16
-12
-3
18
2
-6
-5
-6
12
4
-12
-4
-12
-4
12
2
3
-2
-3
-6
13
5
10
6
-1
8
3
-4
4
9
-6
-2
3
-2
2
-6
-12
1
-1
-6
-2
-4
-5
-11
9
-12
11
4
2
2
-6
2
1
-6
-12
6
1
-1
4
-1
-1
2
-1
-4
-6
2
-6
-4
-5
-7
-12
-12
-4
2
2
12
2
6
2
-7
6
4
2
-12
-1
-6
-5
4
-12
-12
2
-7
3
-4
-12
4
11
3
-11
-4
13
2
2
-5
-7
-6
-5
-3
3
-2
-3
-4
2
6
4
2
2
2
8
-7
-8
-6
-1
13
-7
-6
2
-4
-2
11
-3
-6
2
-6
-10
4
-7
3
-9
-4
3
12
-12
2
-6
-4
-2
1
-3
3
5
-8
-9
-4
-1
-4
8
-6
6
-2
2
12
-4
-12
-6
-6
12
-6
-5
-1
11
-1
2
-8
1
-4
2
-1
-6
4
7
-2
6
-2
-3
-6
2
-3
-4
-12
-7
-1
-6
-4
-2
2
-4
-2
-9
-5
12
-6
-12
-6
2
-6
-2
2
-2
-4
-12
-5
2
-6
8
-12
-12
4
8
-4
7
-3
2
-4
-6
-4
15
-4
3
-3
-8
-12
8
-6
4
8
5
8
3
2
-1
-2
12
-3
6
-7
-12
-6
-6
-3
6
-6
-5
-6
-9
-2
3
6
-12
1
-6
-6
-3
-12
-9
-3
-6
-1
-7
-4
-2
6
-6
-8
-12
-7
-6
-6
-6
-1
8
-12
-1
2
2
8
-1
13
-2
-4
15
-6
-10
-4
-8
6
9
2
-3
3
-12
-6
-3
-5
-6
8
-6
-5
4
-3
-8
-5
-1
-1
-12
2
-6
-6
2
-6
3
2
11
2
8
1
2
-5
-3
2
-4
7
2
-4
12
2
-1
13
-6
27
-6
-6
-4
12
-5
-6
-5
-5
2
5
2
-5
-9
-8
-9
-3
-6
-2
-2
-6
4
-6
-12
3
4
-6
-2
4
4
-3
5
2
13
-6
12
-6
-1
4
11
4
15
-6
-4
-1
11
5
-7
4
-12
2
-5
6
6
-6
6
7
-7
-5
12
-1
-12
7
-1
3
-8
-12
-9
-6
7
-3
-6
-12
1
-12
10
-1
2
-6
2
8
17
-12
-4
11
-12
-1
-6
-4
-6
-6
-6
-12
-12
-8
12
-6
8
-3
11
-5
7
11
-12
2
7
-6
-6
-6
-1
-6
-5
18
3
2
-2
10
-4
-4
8
12
7
-6
-6
-12
-3
-1
-12
-1
-1
4
8
4
2
-8
7
-12
-6
-12
-6
-12
-9
12
-6
2
-1
-4
5
8
9
12
-12
2
2
12
-12
-12
-6
-7
2
-1
-9
-2
-7
-12
12
-1
4
2
-5
-6
-6
-2
-1
-6
-12
-6
3
5
-4
5
-1
-3
2
-12
-9
-7
-7
-4
4
-4
6
-1
-6
-2
-5
4
-5
-6
-5
4
-4
-1
12
3
-6
-2
-12
-5
12
16
-4
-3
3
11
7
-6
2
-5
-1
2
13
-7
-6
-7
3
3
-5
-6
-1
-6
-6
-2
8
-8
-1
-1
5
-1
11
-3
17
-4
8
8
-3
-4
-2
14
11
3
4
-1
4
2
-6
6
-12
-5
2
6
5
-2
2
2
6
4
9
1
-12
3
-6
-6
-1
8
3
-1
-3
-6
-4
2
-1
-6
-3
1
9
-4
9
-6
-10
-12
-4
-12
-3
-6
10
8
4
-6
-4
2
5
5
-1
-1
-7
13
2
-2
2
-6
14
-6
-5
-4
2
-4
-4
-7
11
-1
7
8
-12
-2
-6
-1
-6
8
2
-3
-6
-12
-6
-4
2
-6
-1
-12
13
-1
-6
4
-6
3
-6
6
2
1
3
11
12
-4
2
-6
-6
-9
-12
-4
2
-1
11
4
7
-6
-2
-6
-1
3
14
-2
-7
-8
6
2
-12
-2
13
-1
2
12
9
-12
2
8
-2
-4
2
-2
6
-6
2
-12
-5
-2
2
-3
-6
-4
-12
7
-5
7
11
-7
-11
-12
-6
-5
-12
-6
-1
-12
4
5
4
-6
2
2
1
-12
-5
-8
-1
-12
11
5
-3
3
2
-3
-12
-2
-5
-6
7
-11
-6
-6
-6
-12
-5
-6
2
-5
-4
-1
-5
-12
-5
-6
6
-6
7
-6
-6
4
-6
-1
-12
-4
-1
-3
-5
-6
-6
-12
2
-4
-4
-4
1
-6
3
-6
-12
2
-5
-6
-10
2
-1
4
-6
-12
-6
-1
-5
-8
-12
2
2
-12
-4
1
5
-2
-2
-2
11
-12
-3
8
2
-6
6
10
-5
12
3
-7
-6
13
11
-2
2
8
-2
2
-4
-12
-4
-6
-5
-7
-2
-7
-7
-9
-6
-4
2
-12
2
-12
-1
3
-2
-12
8
12
2
-4
-12
6
-6
-5
3
2
-1
-2
-7
-12
-6
9
-1
13
-6
-3
-12
-6
-6
-6
2
12
-4
2
-3
-12
-4
-6
-12
10
11
6
7
-8
11
-3
4
2
-6
-2
4
2
5
-1
3
-1
-3
3
-4
4
-12
100368
15704
157253
67988
37782
141916
361633
31727
5219
105967
23807
269190
424875
277630
27010
1000
342507
113933
3129
448859
26250
216519
3540
15900
1950
116965
292015
30557
37100
5048
158239
243996
54135
297084
72
1877
100305
5193
5812
15360
70895
3900
86696
184685
326149
271902
83000
407398
28871
7864
11960
53459
26459
35699
224851
71130
123693
209277
42544
11062
41010
19475
14595
182435
22574
45108
2885
82803
36750
281509
35497
63788
325945
13679
20537
17084
679371
49568
593460
298622
10303
89544
88338
33679
390
75471
163840
441953
20247
17210
30233
24959
25598
1658945
203399
72604
42685
44981
109109
59098
41956
68980
20581
114902
298086
36858
11870
53874
299192
3675
120968
527302
18767
759901
6097
281555
181376
448114
24758
17084
349455
267132
278974
805958
4237
862167
77109
107935
49319
42948
19708
5831
438604
4941
210679
101605
77283
110090
111558
56550
1122446
1263634
1121
2840
79540
3364
79668
7006
4555
704549
-3172
10635
306316
61389
44396
392035
15424
10349
231947
74932
12760
2376
86057
101808
296777
13069
7374
1162476
120834
785844
634354
58075
124620
51458
238153
44658
1000
16400
72102
29109
143817
452521
10479
377946
286781
173904
870529
88834
92434
2960
51631
27300
58086
173405
312983
804
11305
888289
4026
200401
49674
97994
2112
212367
249727
13163
30951
77026
25966
81872
34860
127601
140923
34673
183597
160712
26258
136384
74939
110650
164382
61783
64365
1041988
2500
773573
305418
105540
80384
77031
15581
2340
112518
19677
125134
39583
39696
157674
2376
12331
14280
66457
143759
389399
642270
480382
17719
200
1285543
32984
77859
39220
109807
9629
227865
275960
3454
11979
430644
256719
21424
274938
16392
453599
23743
15393
184985
167802
66824
333259
34724
8114
173256
129001
2496
230517
742120
64023
15748
1457061
3673
907004
539704
120352
118395
479455
293836
4844
185174
1022734
62043
20395
63040
45596
204857
279267
150813
8945
221936
47389
46008
149046
85663
151717
1740
1715
42286
3457
212992
35520
60353
401557
162601
297603
10781
543599
260975
92275
11563
265253
158173
286203
44726
77258
98178
121567
474366
166445
112891
43258
51016
11328
382140
495223
192568
13924
106483
1248647
6477
21437
5953
41434
174504
14892
8500
8856
259183
175834
218446
3813
42067
4262
37128
170607
598484
28290
45627
2852
35833
1731784
536930
102066
153904
722869
150002
79524
10328
684
227250
256322
-11744
8850
68848
14093
18847
66893
161013
308857
37969
258678
24401
39867
110010
3350
2862
98164
21125
591690
1208583
274762
249558
952121
579983
10406
490318
411338
9799
1947151
149615
12247
14760
51574
80078
50130
61479
471780
17296
102376
15441
241624
20918
109635
314750
110249
13341
214917
1464
34625
4883
5253
151220
118433
9462
39964
9148
4116
34059
40273
835408
6235
577
36121
24323
538120
1000
1950
96796
137946
9434
121992
30289
63471
1188743
481348
2730
41479
26234
20753
54374
142729
15861
69927
15687
94586
724562
21901
222263
56543
639530
136516
200395
10165
194428
108168
77632
225593
10876
30644
45411
36604
26545
350767
1389052
201180
10644
277710
26267
5446
243730
28244
8760
105139
96025
35137
247898
776465
8641
3510
7405
57936
2973797
26000
655180
945
1295
154015
421799
360239
1345
69529
11959
180467
120233
150852
25406
1046
35131
244639
79146
302970
167809
9173
99761
2879
22099
99254
194012
6887
145142
38447
7107
2727
117153
38503
174448
179040
2229
214286
59863
9538
600739
99500
167464
352958
70084
30402
900
1075880
1140
1006
1950
221208
7462
67409
166138
21286
2450
399356
60372
7480
257099
7098
2669617
73384
9599
4514
54453
2901
100863
461271
5613
31612
119321
87430
158988
81754
1510784
74617
20462
42997
81113
547619
73655
87180
436719
229528
14147
14308
53527
-285
14140
53339
1178431
9673
11403
105143
122781
10545
2280
142053
61582
-5600
19978
48197
895087
3120
159196
32080
673726
194319
16863
2496
80396
1232
17170
93003
13968
108384
42800
980
6419
610356
119345
5862
942520
37312
62283
82403
24485
41582
58751
52110
524911
104891
1550
212008
29876
38723
67474
47105
626884
1165108
36150
83469
54469
43398
25133
71937
13892
74519
4911
1700
83673
98074
537586
232935
153003
6360
531133
7121
183199
33101
71828
1120153
421863
37278
203047
76040
22123
67735
1336377
749936
1927
14707
173235
8913
1375041
3380
346916
163049
88595
59815
124936
686321
113817
117814
63277
10230
30611
221934
29306
135967
23058
3318
105115
42172
12972
326056
238217
73403
83199
189029
125163
520406
1910
46841
870820
115314
535905
234079
120474
168995
151960
604549
2496
368
188393
30160
395056
14867
13017
12371
6411
16313
25564
1170
40825
36488
86633
43245
2730
45024
200419
62568
47457
6562
195832
102321
30640
3932
727931
111331
523499
83517
568160
836382
3859
15126
16002
18252
375289
34965
719703
472919
30157
76537
110577
140463
26270
61817
6167
395289
148605
89125
24796
88023
409883
82417
258847
95325
185125
140867
27138
40488
554777
19650
63951
6073
400802
33165
32693
282852
2610
1040409
98458
87770
72754
34161
73939
131818
1791436
484991
13377
40984
137338
836349
161210
8451
277310
161377
91112
560334
11233
77850
107833
225988
1385270
108584
8614
285524
-11048
132612
27067
2398
49225
430
1950
31135
28010
4378
58419
296916
3251
13799
149422
224828
322665
135970
184407
4312
11707
30888
618095
50235
42667
14354
62281
4062
1849145
7066
12840
94148
80988
102036
130653
19409
4494
893
32402
343608
4616
895784
234879
20097
156149
22956
52286
140492
3840
9766
72863
8483
166876
62990
258201
78747
32288
4176
985135
273024
65716
1994
1956
57781
715087
187458
91891
4728
389878
3030
579396
804332
306792
2425419
291940
182096
741321
77813
152196
321399
4265
213700
101763
109597
208964
7978
36614
18253
76677
62721
92564
57162
3600
2456
169034
16578
138844
201276
120397
583296
55671
286548
22752
8634
223518
36955
44551
241042
13014
-1670
91259
63360
181992
41425
10659
64231
6210
294076
13504
888
138196
266532
135846
74620
647027
303107
259563
214736
262174
56109
79612
467169
267770
11407
6038
2988
292155
955652
2340
9514
127602
59637
181872
14459
5793
87381
692307
17391
21681
16750
97061
184877
1025295
59534
9904
13280
68944
84398
4193
435710
3510
56429
534035
180380
1205470
35214
182375
319081
161587
5314
1776
41404
490720
187497
17428
48269
590674
19634
449855
85872
45602
15314
98933
15566
750
81031
2629
170748
-12678
24873
183676
107487
580
275265
2780
194755
41469
54341
238832
101060
179639
1548
-181
21583
283869
330239
433340
5534
137228
282121
55107
354851
2378
4385
2861
230758
595227
33497
65858
36416
1216557
12091
2075877
2442
750
45121
47822
106988
27612
215533
245705
424007
139553
107251
28039
10207
749356
5459
8930
23664
32205
284573
86368
55514
89462
1065214
37874
80487
77878
4712
151646
4403
119888
93361
1070299
24898
54089
2498828
64743
16127
5757
82207
104601
152943
115181
13771
1584
493875
19346
11903
166429
26949
331482
17426
78900
12447
100965
246720
198488
544769
1273
76751
199230
1584
640355
182525
147791
611860
108863
415762
88455
65955
558473
15862
117626
2197
62089
2106
31064
10670
171146
10761
11442
53000
25312
163709
353306
148419
23506
38275
37462
49140
160283
13692
553
14240
7278
113838
8547
58215
85025
479747
25240
51761
68487
3447
2376
35083
7721
456987
281701
3718
111668
50835
101992
592302
74406
587035
21148
197548
312661
67379
422
74913
149445
477845
444134
411323
834
427908
17086
6033
33588
125320
53524
101129
10184
64529
728620
36272
8498
35625
75754
85337
-2051
659700
2741
24239
1622960
29699
135925
100991
52386
656884
261607
36374
286908
53340
23653
1303667
32705
93663
129470
29876
311611
307384
405067
141079
89905
128030
4635
78183
161790
259589
8800
11588
11136
41683
194399
5906
73514
67778
876
15502
5289
34539
27931
4652
100398
91879
172802
9280
23453
161685
304862
9348
299131
254756
87846
141969
436136
62801
119632
5612
304802
57730
103400
178753
163518
1266357
2550
3154
4494
538763
102425
33405
3106
86195
44982
49456
210943
165112
193142
140132
212315
1152374
3977
167680
237138
15666
3659
577175
110260
166109
688
1734
7739
22721
614719
1303031
236851
1079
2794
351
4266
451697
17025
1517
56801
16674
2850
690
243179
338821
2423
67760
19497
11268
4513
2340
34310
25072
15563
1518
218894
80211
875969
116906
1069415
10338
565504
252315
13481
295117
21935
2640
35143
142246
245522
3784
2103
178864
85420
23684
121080
144207
9231
83747
1032311
172009
374117
4345
24631
1954
52691
26214
6253
245420
322893
130872
319077
110643
57327
388
273634
12985
2566
20202
16263
15303
5800
115145
10028
828090
387387
45470
168076
732540
74479
2002033
14178
478749
237138
211890
23999
9148
41173
566
162770
13872
3737
83246
10934
18143
187417
114872
856465
164971
26573
20153
49563
107649
31623
15954
51831
12058
198168
7246
179720
606975
338049
9074
524907
110886
5839
67052
50275
190733
543090
91403
787259
492
25584
386104
1737
115527
10364
145072
2472
49514
37965
4317
282978
99447
35422
1650
16310
12076
268246
178233
7222
131365
6818
151045
122745
42458
238402
1162
270603
132846
119420
131041
127971
5386
7602
142930
5615
48488
99585
128961
3296
117291
428353
17181
76159
353349
7210
65591
289869
26425
93830
72244
203939
87911
69008
242961
24631
60789
46313
137419
5617
5527
181656
991640
12884
301152
13947
87037
296223
1091224
168156
161421
83802
47318
10069
869949
55727
81574
16727
116882
66767
29647
105342
635467
454384
106756
6005
2932
4116
348243
116563
2631
11977
12397
115404
18008
135102
1092
5899
11904
385113
2630
101427
15139
961021
107741
2772282
9699
11240
200221
38481
665397
34391
267131
1500
111962
89220
10719
772531
14616
81814
4100
409685
28505
341968
249214
9189
801382
51156
744092
718069
229985
4407
31792
10198
211602
34703
610972
770778
10375
20490
63378
7461
250582
300771
19871
275830
11213
40643
114362
49523
62368
1248
308197
8969
418497
220945
323377
216777
49538
169095
516874
230040
17207
7430
7566
51413
72262
27113
136330
920479
21829
89657
1442
3891
98401
187732
254245
77653
105941
4162
1851
114337
144098
2540
237286
110572
13720
218240
1178961
133010
1672
1203083
43796
158798
281231
966719
60722
303228
19669
186942
2531
26275
128638
111905
740865
2712
56890
30354
419696
2990
69998
114572
2771
34291
129497
25481
9832
3556
-5430
178060
1584
149465
103756
515170
173240
97897
417133
230799
1834
35077
5892
127007
31270
81918
79759
106959
1027436
62835
117949
52103
10719
4949
20275
551320
144672
103552
40322
35290
-1453
92930
11289
171962
60355
57287
7105
20684
20242
19998
6532
128203
12890
274194
25219
16850
122389
13228
72704
512069
220894
122578
114188
15506
81919
11705
5905
133984
4302
267126
8602
46283
41017
52034
4495
86822
100890
23479
15131
9759
123037
257486
460591
18155
5305
28641
70645
91436
1170
5294
126786
99055
7472
13100
351580
152053
79766
85784
18509
288784
3538
154591
467762
114720
28197
84620
436666
9140
422080
46760
1690
7368
112661
802298
6614
357950
1068509
67771
256005
21765
6327
270155
1790
104844
13778
99004
1000
13211
11567
128475
15003
46421
46626
55732
73577
113393
250930
101037
3544
66591
349862
280965
73496
8141
16397
86496
2280
69483
192193
244316
45332
19548
142472
65471
275375
168250
469838
6292
7183
11957
622347
76196
122072
349927
337691
42353
1108865
2602
26320
53466
13343
20527
101254
96677
403100
118790
9381
132833
42970
170062
797260
36597
104219
130018
387288
238458
58341
142108
209890
59071
794008
21714
46934
320
50067
39262
6520
65846
47391
12452
17800
35740
3341
6269
24569
9000
233451
117276
24715
1000
379534
8382
3129
29481
16960
17966
3540
200
2340
6238
9737
30062
2500
4877
15950
96234
3480
14400
1393
1062
6900
4622
2582
3968
73383
2643
6074
10170
41663
11106
93700
10000
6015
2824
12462
11646
24081
21094
24000
6360
52528
7638
46490
7757
3000
2946
33622
31857
19539
9557
6446
49567
5000
11777
19384
7000
15658
13007
19706
13501
20118
39143
224906
45385
35437
7371
29120
36554
2943
103658
7100
17550
2304
16210
24280
15571
22526
68810
8530
6464
20294
3093
110051
69328
42103
7000
10700
36392
9510
51742
10874
7080
19252
8698
62420
264838
22427
22514
2886
37573
10000
16241
4870
8913
12700
138271
10000
27600
3591
32800
25544
119599
33308
2690
19756
5148
21100
3022
15529
14508
9000
7618
6988
14000
38074
71200
1121
19970
4999
2967
26972
6523
4986
29923
2520
9575
12150
58644
36247
25271
14047
9017
9635
67993
8329
1980
23500
5600
11815
3427
7374
10000
5400
531970
23200
25875
52235
3778
16006
4374
1000
17839
8515
47970
7803
165940
3678
14017
38700
11700
426510
3430
72203
2960
7500
25984
50300
10638
14217
13956
13709
39200
4026
14567
48713
92846
4102
8677
13732
15701
4800
78764
17909
24065
53667
3918
238501
32176
8657
6577
16053
8862
39053
4120
118381
56079
56286
48000
2500
26039
11471
11153
5000
2300
8262
2730
6755
19781
130624
38238
42949
6125
2376
9242
14273
11200
365377
158360
72555
30049
9286
200
56831
10590
12965
8000
84786
14983
138145
65840
2058
1980
17600
9478
14676
6118
16405
84941
25398
7859
139650
34421
4000
6345
14149
1356
98892
9210
2496
52247
37699
6200
7008
429358
4726
31380
17114
38500
62572
19900
67550
4814
13085
27017
78576
19583
45776
4137
387518
21290
8600
4745
9443
17197
26792
51976
77708
12279
3123
2315
19143
3783
9037
12000
4075
159665
7880
20292
10606
28559
75714
24810
11076
85937
52344
8827
1200
15000
103474
8000
17433
7431
6000
13128
10627
9877
23100
16100
112620
7092
13000
39267
5683
20247
6306
15394
151539
18
7500
8924
14228
6100
174261
5438
54314
3108
31327
8000
21816
27561
12416
7242
37333
50300
115050
50073
7586
22317
211280
99454
21189
2412
9849
17420
3
6946
21545
14042
3390
22666
149476
13400
14598
31000
52694
37688
10191
2670
3062
92396
21465
16897
81302
5407
6731
65091
30524
13707
25000
147555
1000
77000
5266
19737
2452
46576
15483
50060
61405
23403
17216
7601
16669
72847
11638
60277
12007
6829
10195
9500
463
1764
713
5183
164843
5000
3574
3208
9092
1950
9394
23748
27483
5032
391
32317
25670
23925
1400
1560
4477
4490
9251
400
38590
29071
45455
94850
1950
7861
188529
2000
35685
58138
15861
73197
9479
3100
30256
28161
6725
54615
26900
146990
49200
4606
49005
7300
20173
7100
6396
11909
38663
22675
30258
94332
6000
7200
9656
282382
9080
5476
12938
11602
5812
54257
5980
32809
9659
229795
4889
3540
1000
5601
124432
47040
14150
1283
877
6701
170559
10932
24948
68001
15654
8235
8900
103419
24216
1076
25759
12087
20500
12600
7100
7109
8100
2539
12419
5250
6525
1018
4729
4800
2924
2727
15128
3370
9600
11650
139098
28013
4681
5526
56200
8418
93476
11578
6396
38909
44549
39529
3000
456
1560
38030
5249
44925
7500
20819
300
24735
42903
8976
4700
5291
110260
4197
10702
2842
1000
2418
88571
23000
11098
3331
34463
6300
6911
7427
149558
30177
20226
20163
9000
22114
128061
82859
25249
107558
19096
14308
49068
3241
14140
6700
38004
9673
11403
4321
55232
7392
1290
5930
21286
4
19113
23363
285066
2100
7550
25310
27400
60711
21635
2912
21573
1062
21091
82208
11717
57571
42800
739
5057
521842
2600
3582
35378
30121
6310
69361
16164
8000
47469
59893
132436
71418
6650
9600
32033
31560
52022
47915
24673
44803
36150
6500
36325
43620
10385
65265
16031
13539
11501
1500
4204
4949
21100
162380
68592
2000
58119
2000
6264
27053
57891
64140
11716
17530
14294
28906
11355
18761
35405
31475
3861
5455
9421
4537
33830
3386
128131
54606
87733
54219
76520
374156
114152
147462
44142
12863
50083
9533
7528
9800
18470
3318
8070
1048
2000
13300
95492
68555
10500
10164
20935
12354
1560
4000
33074
5590
236814
49150
7897
8300
5663
25000
2496
2159
24220
11765
18751
5370
12381
5860
6437
31182
29743
780
37817
34953
59126
9000
2340
35946
55941
62914
42966
4486
13000
50558
10697
5170
20595
7672
29447
24680
23200
29860
1200
15194
18898
10003
96834
42416
22872
17566
14138
9000
9824
6685
4700
29620
10447
336701
11994
11151
12442
63043
16500
9250
4700
64469
205267
13300
39724
131971
23500
15582
7000
1987
17200
35963
28625
28254
3120
29514
3886
183981
72187
408543
55535
165037
67003
19218
28203
41907
4264
73371
60066
8685
8591
8100
74218
25700
7065
28395
14500
9800
50000
6200
2971
61711
5
9140
16696
9900
4104
438
1950
21835
720
14782
7575
102891
5251
15650
10236
16000
137750
157867
14547
2936
7967
33699
23100
11478
2615
4294
2321
6562
197189
9969
1303
97230
7669
7638
5047
11471
4494
557
31044
174198
3570
24948
109500
20598
8233
28000
71191
112651
3231
47798
8900
8235
25488
4000
10811
46983
24288
4176
35150
14400
66786
1994
1956
31722
27612
6662
15159
2777
253144
2490
20700
44302
8554
173334
17843
4632
27000
84012
30000
11517
5550
70478
9774
77953
7569
5998
19072
16658
47980
74084
18973
75269
4500
2456
13571
15526
6600
4882
10182
32008
52800
17707
8684
6285
10159
3766
30500
26000
12217
5500
32146
4950
36282
25983
13190
14100
6506
140848
5344
780
137402
444475
59350
6595
40329
11520
10464
8630
12870
21114
5350
21000
14139
10180
2983
2988
260714
39800
2730
8334
6942
33472
14387
31579
6485
6200
26800
5027
22047
7516
3904
18000
5139
58638
5533
1780
92556
21197
2082
146722
2490
2626
21026
10413
32820
8500
11407
19000
8300
2387
1245
46076
365694
7421
21148
46224
23043
12848
27695
11000
18446
15668
5509
15566
693
9000
2629
6640
423
15628
5393
6400
540
11888
5840
101160
35723
3020
164216
8000
31773
950
809
22149
34002
11500
23900
5134
8838
7063
3813
13600
11314
5808
2861
228823
124706
33488
64426
12518
44000
5951
78200
2070
945
22890
5086
9838
3513
6828
8700
60712
10400
18103
27927
9230
33722
9439
11873
18607
16610
18100
86782
18119
29587
42400
15078
27168
79564
1896
4900
6633
115174
83839
80285
4150
17479
115047
37363
16129
4589
68661
6152
3525
8509
19170
1320
26976
6300
13854
6932
7979
16536
9597
78229
12334
4500
58670
42238
348446
1273
22823
10000
1584
19000
9106
3549
21200
10000
13781
8830
66389
26800
116181
15934
2511
38
2106
30062
9384
49019
12896
10403
63000
2280
111229
13358
5062
21457
3249
26093
33003
81646
13002
3895
12491
1000
15000
10106
32569
30846
23243
19385
48103
80055
3700
2376
14138
5862
147056
10700
3718
46100
8116
7418
26000
28500
19979
19285
51938
10968
72256
1028
57023
110699
12720
17007
16267
7982
45004
24057
3384
9156
103855
44328
7200
2673
65922
28864
24157
21000
25838
26322
30525
11000
33691
2351
12191
59114
3995
17885
6287
3400
70909
8108
15820
31499
39852
10275
47288
11960
5964
13464
25110
13211
24500
300954
7613
107008
994
15762
56823
123073
14100
9135
15138
9786
29717
9738
3871
5371
42404
1560
10950
11443
6680
25458
3249
55539
2100
7986
1000
21667
3600
13600
10741
12440
11123
8087
42952
18066
4674
5611
19224
12500
5000
4312
39000
8200
37501
288
3569
3675
16700
7600
6303
3388
15189
48617
5911
130195
8400
21600
72847
59600
38600
1514
167139
10500
34768
4609
21865
66920
6625
688
1734
7834
14429
28161
38761
164896
89733
2598
363
2340
90000
7722
1517
7254
1300
921
1620
195052
14700
500
7918
19677
6064
9555
2340
1400
19682
15316
4037
12900
78414
37800
10405
37000
8189
116200
12600
10569
9395
5000
6474
28906
61550
105600
3610
4350
4706
72007
3748
12092
4610
9231
32279
50000
7000
13760
5005
26363
1630
43686
8400
4500
75531
24554
38300
13354
9000
3912
3487
65725
11190
1550
20000
17889
12245
76873
6679
10028
33329
11500
45500
8200
34779
4616
81601
6343
22326
7705
9600
24371
9773
35373
566
12196
11808
4054
8387
15503
18143
7800
24965
26321
9700
44710
20153
50820
78770
8216
6724
27193
11158
7780
796
6630
19649
69603
5773
22100
101097
649
67052
67334
77518
22995
67962
33655
246
19239
28247
1737
8507
15766
45487
2521
2803
2488
3150
13441
3044
52265
1320
10638
9033
13200
5000
9741
84591
166732
9444
17023
43381
12000
1360
28029
9000
4400
114074
95071
3848
4230
4308
8196
57921
25156
131599
2646
6000
34143
9612
33500
12037
2450
20945
9878
19512
11000
3000
7800
13948
108854
141113
16575
1264
4002
5336
167
2340
10600
35500
8849
11300
23831
120584
14946
40441
8234
113160
4712
5396
17740
89000
5400
58539
13286
5393
70726
33217
41131
25622
19341
49400
5688
5241
1950
12110
20982
2246
11587
2582
11500
12237
10200
1442
5957
11515
10350
4610
47856
12859
30436
7450
80800
9218
8370
8080
11200
20500
5390
82416
1500
6217
5646
7558
39578
14928
9810
5402
202064
15055
18700
94844
2300
360982
2809
125826
22328
8969
4452
5560
9818
71749
23491
25500
29390
30625
21411
58983
5596
7615
15160
17451
10445
10823
4100
66766
22890
7865
1248
27515
9782
15425
7919
48809
9200
4371
10085
30214
10800
14706
5797
7566
39860
2400
13790
6990
26400
11431
6573
1642
13747
9507
61229
61474
4500
86443
11018
1122
6500
4653
3651
7908
4720
9565
10526
48300
7500
4534
37157
3000
47007
193656
38000
38214
31011
1400
8766
2478
32928
35682
4020
236913
3352
2500
24914
28200
2565
4800
4053
4015
33653
147134
30390
24500
3067
8520
21166
1584
10500
5332
15471
158096
5487
16119
56337
1835
28397
2000
28000
29344
6300
2918
33652
29000
8700
100587
54039
7771
4949
28205
22553
169777
55948
22818
30003
4287
48001
23774
9400
35359
65037
3833
84294
8869
14361
11760
4000
16386
11279
26329
13570
7532
21428
16977
485616
23217
10650
32055
13300
2150
11122
5905
7263
2680
268086
8802
12777
59612
5350
6418
81126
4853
49704
23283
10144
9176
16249
18540
19115
3834
1005
30069
103989
780
2150
13034
5900
7474
6351
85758
6594
88921
25931
15332
9700
6138
41903
22400
12115
27645
4607
15762
9785
13917
2546
1690
5649
4850
48656
3327
16769
31985
26076
15230
21865
6267
9500
12040
79655
2066
3506
1000
9837
5837
113998
15326
10754
68405
13265
81023
15526
16000
30709
3544
7200
14700
14105
48792
53318
3500
109287
4250
9014
17901
26219
33166
19045
145156
57202
76230
6478
11147
7138
5726
12677
697978
66492
141422
8026
13700
36450
56764
2064
5300
20120
27896
15381
4272
4681
17500
6987
10981
16600
10607
8247
28132
41544
80942
6752
19106
6314
55402
7700
53044
59620
32200
20037
9505
332
